0 1 2 3 7 11
0 1 3 5 7 8
0 3 5 7 8 9
1 2 3 4 7 9
1 3 4 7 8 9
1 3 4 7 8 10
1 3 4 7 9 10
0 0 1 2 3 11
0 0 1 2 4 7
0 0 1 2 7 8
0 0 1 2 7 11
0 0 1 2 7 12
0 0 1 2 8 11
0 0 1 3 4 5
0 0 1 3 4 7
0 0 1 3 4 9
0 0 1 3 4 11
0 0 1 3 5 11
0 0 1 3 7 11
0 0 1 3 7 12
0 0 1 3 7 13
0 0 1 3 8 9
0 0 1 3 9 11
0 0 1 4 5 7
0 0 1 4 5 8
0 0 1 4 5 9
0 0 1 4 6 7
0 0 1 4 7 8
0 0 1 4 7 9
0 0 1 4 8 9
0 0 1 4 8 11
0 0 1 5 7 8
0 0 1 5 7 9
0 0 1 5 7 11
0 0 1 5 7 12
0 0 1 5 8 11
0 0 1 5 9 11
0 0 1 6 7 12
0 0 1 7 8 11
0 0 2 3 3 5
0 0 2 3 4 7
0 0 2 3 5 8
0 0 2 3 5 11
0 0 2 3 6 7
0 0 2 3 7 8
0 0 2 3 7 9
0 0 2 3 7 11
0 0 2 3 8 9
0 0 2 3 8 11
0 0 2 4 5 7
0 0 2 4 7 9
0 0 2 4 7 11
0 0 2 5 7 8
0 0 2 5 7 11
0 0 3 3 5 9
0 0 3 3 7 8
0 0 3 4 5 9
0 0 3 4 7 9
0 0 3 5 7 8
0 0 3 5 7 9
0 0 3 5 7 13
0 0 3 5 8 9
0 0 3 5 9 11
0 0 3 6 7 7
0 0 3 6 7 8
0 0 3 7 8 9
0 0 3 7 8 11
0 0 3 7 9 11
0 0 4 5 7 8
0 0 4 5 7 9
0 0 4 5 7 11
0 0 4 6 7 9
0 0 4 7 9 11
0 0 5 7 8 9
0 0 5 7 9 11
0 1 1 2 3 8
0 1 1 2 3 11
0 1 1 2 4 7
0 1 1 2 5 7
0 1 1 2 5 11
0 1 1 2 7 8
0 1 1 2 7 9
0 1 1 2 7 11
0 1 1 2 7 13
0 1 1 2 9 11
0 1 1 3 3 4
0 1 1 3 4 5
0 1 1 3 4 8
0 1 1 3 4 9
0 1 1 3 5 8
0 1 1 3 5 11
0 1 1 3 6 7
0 1 1 3 7 9
0 1 1 3 7 10
0 1 1 3 7 12
0 1 1 3 7 13
0 1 1 3 8 11
0 1 1 3 9 10
0 1 1 3 9 11
0 1 1 3 9 13
0 1 1 3 10 11
0 1 1 4 5 7
0 1 1 4 5 8
0 1 1 4 5 9
0 1 1 4 7 8
0 1 1 4 7 9
0 1 1 4 7 11
0 1 1 4 7 13
0 1 1 4 8 9
0 1 1 4 8 11
0 1 1 4 9 11
0 1 1 4 9 13
0 1 1 5 6 7
0 1 1 5 7 8
0 1 1 5 7 9
0 1 1 5 7 11
0 1 1 5 7 13
0 1 1 5 8 9
0 1 1 5 8 11
0 1 1 5 8 13
0 1 1 5 9 11
0 1 2 3 3 4
0 1 2 3 3 11
0 1 2 3 4 7
0 1 2 3 4 8
0 1 2 3 4 9
0 1 2 3 4 11
0 1 2 3 5 7
0 1 2 3 5 8
0 1 2 3 5 9
0 1 2 3 5 11
0 1 2 3 6 7
0 1 2 3 7 7
0 1 2 3 7 8
0 1 2 3 7 9
0 1 2 3 7 12
0 1 2 3 7 13
0 1 2 3 8 9
0 1 2 3 8 11
0 1 2 3 8 13
0 1 2 3 9 11
0 1 2 3 11 11
0 1 2 4 4 7
0 1 2 4 5 7
0 1 2 4 7 7
0 1 2 4 7 8
0 1 2 4 7 9
0 1 2 4 7 11
0 1 2 4 8 9
0 1 2 4 8 11
0 1 2 4 9 11
0 1 2 5 7 7
0 1 2 5 7 8
0 1 2 5 7 9
0 1 2 5 7 11
0 1 2 5 8 11
0 1 2 5 9 11
0 1 2 6 7 11
0 1 2 7 7 7
0 1 2 7 7 8
0 1 2 7 7 9
0 1 2 7 7 11
0 1 2 7 8 11
0 1 2 7 9 11
0 1 2 7 11 13
0 1 3 3 4 5
0 1 3 3 4 7
0 1 3 3 4 8
0 1 3 3 4 9
0 1 3 3 4 10
0 1 3 3 4 11
0 1 3 3 4 13
0 1 3 3 5 7
0 1 3 3 5 8
0 1 3 3 5 11
0 1 3 3 5 12
0 1 3 3 6 7
0 1 3 3 7 10
0 1 3 3 7 11
0 1 3 3 7 12
0 1 3 3 7 13
0 1 3 3 8 9
0 1 3 3 8 10
0 1 3 3 8 11
0 1 3 3 8 13
0 1 3 3 9 11
0 1 3 3 9 12
0 1 3 3 10 11
0 1 3 3 11 12
0 1 3 3 11 13
0 1 3 3 12 13
0 1 3 4 4 7
0 1 3 4 5 7
0 1 3 4 5 8
0 1 3 4 5 9
0 1 3 4 6 7
0 1 3 4 7 7
0 1 3 4 7 8
0 1 3 4 7 9
0 1 3 4 7 10
0 1 3 4 7 11
0 1 3 4 7 12
0 1 3 4 7 13
0 1 3 4 8 9
0 1 3 4 8 11
0 1 3 4 8 12
0 1 3 4 8 13
0 1 3 4 9 10
0 1 3 4 9 11
0 1 3 4 9 12
0 1 3 4 11 11
0 1 3 5 6 7
0 1 3 5 7 9
0 1 3 5 7 10
0 1 3 5 7 11
0 1 3 5 7 12
0 1 3 5 7 13
0 1 3 5 8 9
0 1 3 5 8 11
0 1 3 5 8 13
0 1 3 5 9 11
0 1 3 5 9 13
0 1 3 5 11 11
0 1 3 6 7 7
0 1 3 6 7 8
0 1 3 6 7 9
0 1 3 6 7 10
0 1 3 6 7 11
0 1 3 6 7 12
0 1 3 6 7 13
0 1 3 6 8 11
0 1 3 7 7 8
0 1 3 7 7 9
0 1 3 7 7 10
0 1 3 7 7 12
0 1 3 7 7 13
0 1 3 7 8 8
0 1 3 7 8 9
0 1 3 7 8 10
0 1 3 7 8 11
0 1 3 7 8 12
0 1 3 7 8 13
0 1 3 7 9 10
0 1 3 7 9 11
0 1 3 7 9 12
0 1 3 7 9 13
0 1 3 7 10 11
0 1 3 7 10 12
0 1 3 7 10 13
0 1 3 7 11 12
0 1 3 7 11 13
0 1 3 8 8 9
0 1 3 8 9 11
0 1 3 8 11 13
0 1 4 4 5 7
0 1 4 4 6 7
0 1 4 4 7 9
0 1 4 5 7 7
0 1 4 5 7 8
0 1 4 5 7 9
0 1 4 5 7 11
0 1 4 5 7 13
0 1 4 5 8 9
0 1 4 5 8 11
0 1 4 5 8 12
0 1 4 5 9 13
0 1 4 6 7 7
0 1 4 6 7 8
0 1 4 6 7 11
0 1 4 7 7 8
0 1 4 7 7 9
0 1 4 7 7 11
0 1 4 7 8 9
0 1 4 7 8 11
0 1 4 7 9 11
0 1 4 7 9 13
0 1 4 7 10 11
0 1 4 8 9 11
0 1 5 7 7 8
0 1 5 7 7 9
0 1 5 7 7 11
0 1 5 7 8 9
0 1 5 7 8 11
0 1 5 7 8 12
0 1 5 7 9 11
0 1 5 7 10 11
0 1 6 7 7 8
0 1 6 7 7 9
0 1 7 7 7 8
0 1 7 7 7 9
0 1 7 7 8 9
0 1 7 7 9 11
0 1 7 7 11 12
0 2 2 3 6 7
0 2 2 3 7 9
0 2 2 3 7 11
0 2 2 6 7 11
0 2 3 3 4 7
0 2 3 3 5 7
0 2 3 3 5 8
0 2 3 3 5 11
0 2 3 3 7 8
0 2 3 3 7 9
0 2 3 3 7 10
0 2 3 3 7 11
0 2 3 3 7 13
0 2 3 3 8 9
0 2 3 3 8 11
0 2 3 3 9 11
0 2 3 3 10 11
0 2 3 3 11 13
0 2 3 4 5 7
0 2 3 4 7 7
0 2 3 4 7 8
0 2 3 4 7 9
0 2 3 4 7 11
0 2 3 4 8 9
0 2 3 4 9 11
0 2 3 5 5 7
0 2 3 5 7 7
0 2 3 5 7 8
0 2 3 5 7 9
0 2 3 5 7 10
0 2 3 5 7 11
0 2 3 5 7 13
0 2 3 5 8 9
0 2 3 5 8 11
0 2 3 6 7 7
0 2 3 6 7 9
0 2 3 6 7 11
0 2 3 7 7 8
0 2 3 7 7 9
0 2 3 7 7 11
0 2 3 7 7 13
0 2 3 7 8 9
0 2 3 7 8 11
0 2 3 7 9 11
0 2 3 7 9 12
0 2 3 7 11 13
0 2 4 5 7 7
0 2 4 5 7 8
0 2 4 5 7 9
0 2 4 5 7 11
0 2 4 7 7 9
0 2 4 7 9 11
0 2 5 7 7 11
0 2 5 7 8 11
0 2 5 7 9 11
0 2 7 7 7 9
0 2 7 7 9 11
0 3 3 4 5 7
0 3 3 4 5 9
0 3 3 4 7 8
0 3 3 4 7 9
0 3 3 4 7 10
0 3 3 4 7 11
0 3 3 5 7 8
0 3 3 5 7 9
0 3 3 5 7 10
0 3 3 5 7 11
0 3 3 5 7 13
0 3 3 5 8 9
0 3 3 5 8 10
0 3 3 5 8 11
0 3 3 5 8 13
0 3 3 5 9 11
0 3 3 6 7 9
0 3 3 6 7 10
0 3 3 6 7 11
0 3 3 6 7 13
0 3 3 7 7 10
0 3 3 7 7 11
0 3 3 7 8 9
0 3 3 7 8 11
0 3 4 5 7 7
0 3 4 5 7 8
0 3 4 5 7 9
0 3 4 5 7 13
0 3 4 5 8 9
0 3 4 5 9 11
0 3 4 6 7 9
0 3 4 7 7 7
0 3 4 7 7 8
0 3 4 7 7 9
0 3 4 7 7 10
0 3 4 7 7 11
0 3 4 7 8 9
0 3 4 7 9 10
0 3 4 7 9 11
0 3 4 8 9 11
0 3 5 5 6 7
0 3 5 5 7 8
0 3 5 5 7 13
0 3 5 5 8 13
0 3 5 6 7 8
0 3 5 6 7 9
0 3 5 6 7 13
0 3 5 7 7 8
0 3 5 7 7 9
0 3 5 7 7 10
0 3 5 7 7 11
0 3 5 7 8 10
0 3 5 7 8 11
0 3 5 7 9 10
0 3 5 7 9 11
0 3 5 7 11 13
0 3 5 8 9 11
0 3 5 8 11 13
0 3 6 7 7 8
0 3 6 7 7 9
0 3 6 7 8 9
0 3 7 7 7 8
0 3 7 7 7 11
0 3 7 7 8 9
0 3 7 7 8 11
0 3 7 7 8 13
0 3 7 7 9 10
0 3 7 7 9 13
0 3 7 7 10 11
0 3 7 7 10 13
0 3 7 8 9 10
0 3 7 8 9 11
0 4 4 6 7 9
0 4 5 7 7 9
0 4 5 7 8 9
0 4 5 7 9 11
0 4 6 7 7 9
0 4 7 7 7 11
0 4 7 7 9 11
0 4 7 7 9 13
0 5 7 7 8 9
0 5 7 7 8 11
0 5 7 7 9 11
0 5 7 8 9 11
1 1 2 3 3 4
1 1 2 3 3 8
1 1 2 3 4 8
1 1 2 3 4 9
1 1 2 3 4 11
1 1 2 3 5 7
1 1 2 3 5 8
1 1 2 3 7 8
1 1 2 3 7 9
1 1 2 3 7 11
1 1 2 3 8 9
1 1 2 3 8 11
1 1 2 3 9 11
1 1 2 4 5 7
1 1 2 4 7 11
1 1 2 5 7 8
1 1 2 5 7 11
1 1 2 7 8 11
1 1 3 3 7 9
1 1 3 3 9 11
1 1 3 4 5 8
1 1 3 4 6 7
1 1 3 4 7 8
1 1 3 4 7 12
1 1 3 4 8 9
1 1 3 4 9 10
1 1 3 5 7 7
1 1 3 5 7 8
1 1 3 5 7 9
1 1 3 6 7 8
1 1 3 7 7 8
1 1 3 7 7 9
1 1 3 7 7 11
1 1 3 7 8 9
1 1 3 7 8 11
1 1 3 7 8 12
1 1 3 7 9 11
1 1 3 7 9 12
1 1 4 5 7 7
1 1 4 5 7 8
1 1 4 7 8 9
1 1 4 7 8 11
1 1 5 6 7 8
1 1 5 7 7 11
1 1 5 7 8 11
1 1 5 7 8 12
1 2 2 3 6 7
1 2 2 3 7 8
1 2 2 3 7 11
1 2 2 6 7 11
1 2 3 3 4 7
1 2 3 3 4 9
1 2 3 3 4 11
1 2 3 3 5 7
1 2 3 3 7 8
1 2 3 3 7 11
1 2 3 3 8 9
1 2 3 3 8 11
1 2 3 3 9 11
1 2 3 3 11 12
1 2 3 4 4 7
1 2 3 4 5 7
1 2 3 4 5 11
1 2 3 4 7 7
1 2 3 4 7 8
1 2 3 4 7 11
1 2 3 4 7 12
1 2 3 4 8 9
1 2 3 4 8 11
1 2 3 4 9 11
1 2 3 5 7 8
1 2 3 5 7 11
1 2 3 5 8 9
1 2 3 5 8 11
1 2 3 6 7 7
1 2 3 6 7 8
1 2 3 6 7 11
1 2 3 7 7 8
1 2 3 7 7 9
1 2 3 7 7 11
1 2 3 7 7 12
1 2 3 7 8 8
1 2 3 7 8 9
1 2 3 7 8 11
1 2 3 7 8 13
1 2 3 7 9 11
1 2 3 7 11 12
1 2 3 8 9 11
1 2 4 5 7 7
1 2 4 5 7 8
1 2 4 5 7 11
1 2 4 7 7 9
1 2 4 7 7 11
1 2 4 7 9 11
1 2 5 7 7 8
1 2 5 7 8 11
1 2 5 7 9 11
1 2 7 7 7 8
1 2 7 7 11 12
1 3 3 3 5 7
1 3 3 3 7 9
1 3 3 3 7 11
1 3 3 3 9 11
1 3 3 4 7 8
1 3 3 4 7 11
1 3 3 4 7 12
1 3 3 4 8 9
1 3 3 4 8 11
1 3 3 4 9 11
1 3 3 5 7 8
1 3 3 5 7 9
1 3 3 5 7 11
1 3 3 5 8 9
1 3 3 6 7 8
1 3 3 7 7 8
1 3 3 7 7 9
1 3 3 7 8 10
1 3 3 7 8 11
1 3 3 7 9 11
1 3 3 7 10 11
1 3 4 4 6 7
1 3 4 4 7 8
1 3 4 4 7 9
1 3 4 4 7 12
1 3 4 4 9 12
1 3 4 5 7 7
1 3 4 5 7 8
1 3 4 5 7 9
1 3 4 5 7 11
1 3 4 5 8 9
1 3 4 5 8 11
1 3 4 6 7 7
1 3 4 6 7 8
1 3 4 6 7 9
1 3 4 6 7 11
1 3 4 6 7 12
1 3 4 7 7 8
1 3 4 7 7 9
1 3 4 7 7 10
1 3 4 7 7 11
1 3 4 7 8 11
1 3 4 7 9 11
1 3 4 7 9 12
1 3 4 7 11 12
1 3 4 8 9 11
1 3 4 9 11 12
1 3 5 6 7 8
1 3 5 7 7 8
1 3 5 7 7 9
1 3 5 7 7 11
1 3 5 7 8 9
1 3 5 7 8 11
1 3 6 7 7 8
1 3 6 7 7 9
1 3 6 7 7 11
1 3 6 7 8 9
1 3 7 7 8 9
1 3 7 7 8 10
1 3 7 7 8 11
1 3 7 7 9 11
1 4 5 7 7 8
1 4 5 7 8 9
1 5 7 7 8 11
2 3 3 4 5 7
2 3 3 4 7 8
2 3 3 4 7 9
2 3 3 5 7 8
2 3 3 7 7 8
2 3 3 7 8 9
2 3 4 5 7 7
2 3 4 5 7 8
2 3 4 5 7 9
2 3 4 5 7 11
2 3 4 7 7 8
2 3 4 7 7 9
2 3 4 7 7 11
2 3 4 7 7 13
2 3 4 7 8 9
2 3 4 7 9 11
2 3 5 7 7 8
2 3 5 7 8 9
2 3 5 7 8 11
2 3 7 7 8 9
3 3 3 5 7 9
3 3 4 5 7 8
3 3 4 7 7 8
3 3 4 7 8 9
3 3 5 7 7 9
3 3 5 7 8 9
3 4 4 6 7 9
3 4 5 7 7 8
3 4 5 7 7 9
3 4 5 7 8 9
3 4 6 7 7 9
3 4 7 7 7 8
3 4 7 7 8 9
3 4 7 7 9 10
3 4 7 8 9 10
3 5 5 6 7 8
3 5 7 7 8 9
3 5 7 7 8 10
