0.000000000000000000e+00 0.000000000000000000e+00 0.000000000000000000e+00 0.000000000000000000e+00
0.000000000000000000e+00 0.000000000000000000e+00 0.000000000000000000e+00 1.000000000000000000e+00
0.000000000000000000e+00 0.000000000000000000e+00 1.000000000000000000e+00 0.000000000000000000e+00
0.000000000000000000e+00 0.000000000000000000e+00 1.000000000000000000e+00 1.000000000000000000e+00
0.000000000000000000e+00 1.000000000000000000e+00 0.000000000000000000e+00 0.000000000000000000e+00
0.000000000000000000e+00 1.000000000000000000e+00 0.000000000000000000e+00 1.000000000000000000e+00
0.000000000000000000e+00 1.000000000000000000e+00 1.000000000000000000e+00 0.000000000000000000e+00
0.000000000000000000e+00 1.000000000000000000e+00 1.000000000000000000e+00 1.000000000000000000e+00
1.000000000000000000e+00 0.000000000000000000e+00 0.000000000000000000e+00 0.000000000000000000e+00
1.000000000000000000e+00 0.000000000000000000e+00 0.000000000000000000e+00 1.000000000000000000e+00
1.000000000000000000e+00 0.000000000000000000e+00 1.000000000000000000e+00 0.000000000000000000e+00
1.000000000000000000e+00 0.000000000000000000e+00 1.000000000000000000e+00 1.000000000000000000e+00
1.000000000000000000e+00 1.000000000000000000e+00 0.000000000000000000e+00 0.000000000000000000e+00
1.000000000000000000e+00 1.000000000000000000e+00 0.000000000000000000e+00 1.000000000000000000e+00
1.000000000000000000e+00 1.000000000000000000e+00 1.000000000000000000e+00 0.000000000000000000e+00
1.000000000000000000e+00 1.000000000000000000e+00 1.000000000000000000e+00 1.000000000000000000e+00
2.500000037252902985e-02 2.500000037252902985e-02 2.500000037252902985e-02 2.500000037252902985e-02
2.500000037252902985e-02 2.500000037252902985e-02 2.500000037252902985e-02 9.750000238418579102e-01
2.500000037252902985e-02 2.500000037252902985e-02 9.750000238418579102e-01 2.500000037252902985e-02
2.500000037252902985e-02 2.500000037252902985e-02 9.750000238418579102e-01 9.750000238418579102e-01
2.500000037252902985e-02 9.750000238418579102e-01 2.500000037252902985e-02 2.500000037252902985e-02
2.500000037252902985e-02 9.750000238418579102e-01 2.500000037252902985e-02 9.750000238418579102e-01
2.500000037252902985e-02 9.750000238418579102e-01 9.750000238418579102e-01 2.500000037252902985e-02
2.500000037252902985e-02 9.750000238418579102e-01 9.750000238418579102e-01 9.750000238418579102e-01
9.750000238418579102e-01 2.500000037252902985e-02 2.500000037252902985e-02 2.500000037252902985e-02
9.750000238418579102e-01 2.500000037252902985e-02 2.500000037252902985e-02 9.750000238418579102e-01
9.750000238418579102e-01 2.500000037252902985e-02 9.750000238418579102e-01 2.500000037252902985e-02
9.750000238418579102e-01 2.500000037252902985e-02 9.750000238418579102e-01 9.750000238418579102e-01
9.750000238418579102e-01 9.750000238418579102e-01 2.500000037252902985e-02 2.500000037252902985e-02
9.750000238418579102e-01 9.750000238418579102e-01 2.500000037252902985e-02 9.750000238418579102e-01
9.750000238418579102e-01 9.750000238418579102e-01 9.750000238418579102e-01 2.500000037252902985e-02
9.750000238418579102e-01 9.750000238418579102e-01 9.750000238418579102e-01 9.750000238418579102e-01
5.000000074505805969e-02 5.000000074505805969e-02 5.000000074505805969e-02 5.000000074505805969e-02
5.000000074505805969e-02 5.000000074505805969e-02 5.000000074505805969e-02 9.499999880790710449e-01
5.000000074505805969e-02 5.000000074505805969e-02 9.499999880790710449e-01 5.000000074505805969e-02
5.000000074505805969e-02 5.000000074505805969e-02 9.499999880790710449e-01 9.499999880790710449e-01
5.000000074505805969e-02 9.499999880790710449e-01 5.000000074505805969e-02 5.000000074505805969e-02
5.000000074505805969e-02 9.499999880790710449e-01 5.000000074505805969e-02 9.499999880790710449e-01
5.000000074505805969e-02 9.499999880790710449e-01 9.499999880790710449e-01 5.000000074505805969e-02
5.000000074505805969e-02 9.499999880790710449e-01 9.499999880790710449e-01 9.499999880790710449e-01
9.499999880790710449e-01 5.000000074505805969e-02 5.000000074505805969e-02 5.000000074505805969e-02
9.499999880790710449e-01 5.000000074505805969e-02 5.000000074505805969e-02 9.499999880790710449e-01
9.499999880790710449e-01 5.000000074505805969e-02 9.499999880790710449e-01 5.000000074505805969e-02
9.499999880790710449e-01 5.000000074505805969e-02 9.499999880790710449e-01 9.499999880790710449e-01
9.499999880790710449e-01 9.499999880790710449e-01 5.000000074505805969e-02 5.000000074505805969e-02
9.499999880790710449e-01 9.499999880790710449e-01 5.000000074505805969e-02 9.499999880790710449e-01
9.499999880790710449e-01 9.499999880790710449e-01 9.499999880790710449e-01 5.000000074505805969e-02
9.499999880790710449e-01 9.499999880790710449e-01 9.499999880790710449e-01 9.499999880790710449e-01
1.000000014901161194e-01 1.000000014901161194e-01 1.000000014901161194e-01 1.000000014901161194e-01
1.000000014901161194e-01 1.000000014901161194e-01 1.000000014901161194e-01 8.999999761581420898e-01
1.000000014901161194e-01 1.000000014901161194e-01 8.999999761581420898e-01 1.000000014901161194e-01
1.000000014901161194e-01 1.000000014901161194e-01 8.999999761581420898e-01 8.999999761581420898e-01
1.000000014901161194e-01 8.999999761581420898e-01 1.000000014901161194e-01 1.000000014901161194e-01
1.000000014901161194e-01 8.999999761581420898e-01 1.000000014901161194e-01 8.999999761581420898e-01
1.000000014901161194e-01 8.999999761581420898e-01 8.999999761581420898e-01 1.000000014901161194e-01
1.000000014901161194e-01 8.999999761581420898e-01 8.999999761581420898e-01 8.999999761581420898e-01
8.999999761581420898e-01 1.000000014901161194e-01 1.000000014901161194e-01 1.000000014901161194e-01
8.999999761581420898e-01 1.000000014901161194e-01 1.000000014901161194e-01 8.999999761581420898e-01
8.999999761581420898e-01 1.000000014901161194e-01 8.999999761581420898e-01 1.000000014901161194e-01
8.999999761581420898e-01 1.000000014901161194e-01 8.999999761581420898e-01 8.999999761581420898e-01
8.999999761581420898e-01 8.999999761581420898e-01 1.000000014901161194e-01 1.000000014901161194e-01
8.999999761581420898e-01 8.999999761581420898e-01 1.000000014901161194e-01 8.999999761581420898e-01
8.999999761581420898e-01 8.999999761581420898e-01 8.999999761581420898e-01 1.000000014901161194e-01
8.999999761581420898e-01 8.999999761581420898e-01 8.999999761581420898e-01 8.999999761581420898e-01
