0.000000000000000000e+00 0.000000000000000000e+00 0.000000000000000000e+00 0.000000000000000000e+00
0.000000000000000000e+00 0.000000000000000000e+00 0.000000000000000000e+00 1.000000000000000000e+00
0.000000000000000000e+00 0.000000000000000000e+00 1.000000000000000000e+00 0.000000000000000000e+00
0.000000000000000000e+00 0.000000000000000000e+00 1.000000000000000000e+00 1.000000000000000000e+00
0.000000000000000000e+00 1.000000000000000000e+00 0.000000000000000000e+00 0.000000000000000000e+00
0.000000000000000000e+00 1.000000000000000000e+00 0.000000000000000000e+00 1.000000000000000000e+00
0.000000000000000000e+00 1.000000000000000000e+00 1.000000000000000000e+00 0.000000000000000000e+00
0.000000000000000000e+00 1.000000000000000000e+00 1.000000000000000000e+00 1.000000000000000000e+00
1.000000000000000000e+00 0.000000000000000000e+00 0.000000000000000000e+00 0.000000000000000000e+00
1.000000000000000000e+00 0.000000000000000000e+00 0.000000000000000000e+00 1.000000000000000000e+00
1.000000000000000000e+00 0.000000000000000000e+00 1.000000000000000000e+00 0.000000000000000000e+00
1.000000000000000000e+00 0.000000000000000000e+00 1.000000000000000000e+00 1.000000000000000000e+00
1.000000000000000000e+00 1.000000000000000000e+00 0.000000000000000000e+00 0.000000000000000000e+00
1.000000000000000000e+00 1.000000000000000000e+00 0.000000000000000000e+00 1.000000000000000000e+00
1.000000000000000000e+00 1.000000000000000000e+00 1.000000000000000000e+00 0.000000000000000000e+00
1.000000000000000000e+00 1.000000000000000000e+00 1.000000000000000000e+00 1.000000000000000000e+00
2.500000037252902985e-02 2.500000037252902985e-02 2.500000037252902985e-02 2.500000037252902985e-02
2.500000037252902985e-02 2.500000037252902985e-02 2.500000037252902985e-02 9.750000238418579102e-01
2.500000037252902985e-02 2.500000037252902985e-02 9.750000238418579102e-01 2.500000037252902985e-02
2.500000037252902985e-02 2.500000037252902985e-02 9.750000238418579102e-01 9.750000238418579102e-01
2.500000037252902985e-02 9.750000238418579102e-01 2.500000037252902985e-02 2.500000037252902985e-02
2.500000037252902985e-02 9.750000238418579102e-01 2.500000037252902985e-02 9.750000238418579102e-01
2.500000037252902985e-02 9.750000238418579102e-01 9.750000238418579102e-01 2.500000037252902985e-02
2.500000037252902985e-02 9.750000238418579102e-01 9.750000238418579102e-01 9.750000238418579102e-01
9.750000238418579102e-01 2.500000037252902985e-02 2.500000037252902985e-02 2.500000037252902985e-02
9.750000238418579102e-01 2.500000037252902985e-02 2.500000037252902985e-02 9.750000238418579102e-01
9.750000238418579102e-01 2.500000037252902985e-02 9.750000238418579102e-01 2.500000037252902985e-02
9.750000238418579102e-01 2.500000037252902985e-02 9.750000238418579102e-01 9.750000238418579102e-01
9.750000238418579102e-01 9.750000238418579102e-01 2.500000037252902985e-02 2.500000037252902985e-02
9.750000238418579102e-01 9.750000238418579102e-01 2.500000037252902985e-02 9.750000238418579102e-01
9.750000238418579102e-01 9.750000238418579102e-01 9.750000238418579102e-01 2.500000037252902985e-02
9.750000238418579102e-01 9.750000238418579102e-01 9.750000238418579102e-01 9.750000238418579102e-01
