8.656246066093444824e-01 8.436925411224365234e-01 9.999446868896484375e-01 9.300670027732849121e-01 8.755158782005310059e-01 3.418330848217010498e-02 8.907544016838073730e-01 9.436710178852081299e-02 8.243912458419799805e-01
8.554444313049316406e-01 9.611160159111022949e-01 9.049108028411865234e-01 7.876702398061752319e-02 8.322340846061706543e-01 9.638336896896362305e-01 9.476398229598999023e-01 1.806477755308151245e-01 8.884545564651489258e-01
8.207256793975830078e-01 1.882741153240203857e-01 8.713785409927368164e-01 1.894932389259338379e-01 8.161792755126953125e-01 8.818779587745666504e-01 9.808577299118041992e-01 8.895139694213867188e-01 9.006416797637939453e-01
9.039920568466186523e-01 1.053894907236099243e-01 8.251323699951171875e-01 8.789772391319274902e-01 8.567903637886047363e-01 1.947202235460281372e-01 9.482195377349853516e-01 9.546561837196350098e-01 9.567728638648986816e-01
8.491474986076354980e-01 9.396628737449645996e-01 9.954484701156616211e-01 8.571346998214721680e-01 9.647859334945678711e-01 8.554986864328384399e-02 9.311051368713378906e-01 2.409732155501842499e-02 9.081815481185913086e-01
9.324629902839660645e-01 9.274654388427734375e-01 9.668031334877014160e-01 8.362089842557907104e-02 8.085304498672485352e-01 9.343315362930297852e-01 8.023688197135925293e-01 1.159001439809799194e-01 9.210846424102783203e-01
8.665130734443664551e-01 9.310434013605117798e-02 8.988885879516601562e-01 1.104625463485717773e-01 8.917858600616455078e-01 9.844098091125488281e-01 8.674955368041992188e-01 9.940645098686218262e-01 9.680556654930114746e-01
9.327333569526672363e-01 2.284589037299156189e-02 9.335296750068664551e-01 8.962454199790954590e-01 8.966736793518066406e-01 1.273562014102935791e-01 8.993995785713195801e-01 8.532666563987731934e-01 9.577971100807189941e-01
8.697759509086608887e-01 8.047490119934082031e-01 9.578976035118103027e-01 9.633501768112182617e-01 8.761473894119262695e-01 7.764602545648813248e-03 9.554242491722106934e-01 2.487953193485736847e-02 8.205291032791137695e-01
8.265421390533447266e-01 9.766452312469482422e-01 8.485997915267944336e-01 1.563570648431777954e-01 8.610573410987854004e-01 8.931427597999572754e-01 9.108434915542602539e-01 1.476941555738449097e-01 8.027513623237609863e-01
9.131675362586975098e-01 1.375149786472320557e-01 9.831302165985107422e-01 7.665446400642395020e-02 9.287177324295043945e-01 8.756811022758483887e-01 9.721496105194091797e-01 9.531912207603454590e-01 8.342669010162353516e-01
9.593262076377868652e-01 1.464125514030456543e-01 8.395202755928039551e-01 8.601190447807312012e-01 8.695511221885681152e-01 6.217724177986383438e-03 9.588676095008850098e-01 9.827731847763061523e-01 8.809758424758911133e-01
9.763776063919067383e-01 9.281526207923889160e-01 8.533028960227966309e-01 8.100009560585021973e-01 9.497178792953491211e-01 1.121718715876340866e-02 9.355095028877258301e-01 1.701901704072952271e-01 9.065961241722106934e-01
8.590553402900695801e-01 8.799127936363220215e-01 9.240825176239013672e-01 4.347867146134376526e-02 8.749483823776245117e-01 9.705251455307006836e-01 8.875717520713806152e-01 1.779416501522064209e-01 8.128393888473510742e-01
8.275223374366760254e-01 1.339789479970932007e-01 9.245079159736633301e-01 5.335293244570493698e-03 9.378690123558044434e-01 9.367969632148742676e-01 9.491049647331237793e-01 9.865265488624572754e-01 8.325093984603881836e-01
9.147554039955139160e-01 1.792758554220199585e-01 9.562116861343383789e-01 9.964000582695007324e-01 8.257446289062500000e-01 1.048194542527198792e-01 8.485675454139709473e-01 9.278836846351623535e-01 8.993524312973022461e-01
8.648553490638732910e-01 9.610822796821594238e-01 9.931442737579345703e-01 9.389206171035766602e-01 8.220873475074768066e-01 1.514490544795989990e-01 9.991474747657775879e-01 7.796277105808258057e-02 9.944868087768554688e-01
8.388812541961669922e-01 8.161019086837768555e-01 9.132040143013000488e-01 4.636835679411888123e-02 9.444198608398437500e-01 8.192458152770996094e-01 9.017181396484375000e-01 1.914157159626483917e-02 8.758713006973266602e-01
9.885617494583129883e-01 1.513872761279344559e-02 8.415204882621765137e-01 1.890245527029037476e-01 8.103474378585815430e-01 8.704448938369750977e-01 9.083576798439025879e-01 8.927310705184936523e-01 9.617311358451843262e-01
9.616369009017944336e-01 1.323854923248291016e-01 9.652519822120666504e-01 9.173784255981445312e-01 9.866434931755065918e-01 1.110825911164283752e-01 8.710717558860778809e-01 9.770298004150390625e-01 9.967730641365051270e-01
9.513027667999267578e-01 8.144158124923706055e-01 9.315246343612670898e-01 8.361188769340515137e-01 8.816291093826293945e-01 2.771241404116153717e-02 9.725836515426635742e-01 6.457188725471496582e-02 9.861013889312744141e-01
9.703865051269531250e-01 8.452256917953491211e-01 8.550682067871093750e-01 1.514177322387695312e-01 9.756860136985778809e-01 8.988502621650695801e-01 9.255508780479431152e-01 2.905851462855935097e-03 8.609159588813781738e-01
8.543880581855773926e-01 1.165381371974945068e-01 8.382203578948974609e-01 4.266025871038436890e-02 9.360730051994323730e-01 9.985913038253784180e-01 8.138405680656433105e-01 9.715675115585327148e-01 8.530519604682922363e-01
8.741180300712585449e-01 1.783146113157272339e-01 8.725427389144897461e-01 9.561206698417663574e-01 9.792042970657348633e-01 1.264034658670425415e-01 8.686307072639465332e-01 8.514214754104614258e-01 8.878830075263977051e-01
9.055337309837341309e-01 9.220266342163085938e-01 9.567859768867492676e-01 8.906687498092651367e-01 9.550248980522155762e-01 1.172287613153457642e-01 8.896275758743286133e-01 1.275428980588912964e-01 9.352935552597045898e-01
8.532075285911560059e-01 8.904290199279785156e-01 8.888363838195800781e-01 1.252813637256622314e-01 9.709505438804626465e-01 9.473518729209899902e-01 8.007330298423767090e-01 9.999067336320877075e-02 9.141681194305419922e-01
8.525627255439758301e-01 9.348418563604354858e-02 8.276199698448181152e-01 1.600756496191024780e-01 8.434752821922302246e-01 9.153676629066467285e-01 9.261848926544189453e-01 9.577268362045288086e-01 8.729608654975891113e-01
8.110657930374145508e-01 1.231477186083793640e-01 9.166724681854248047e-01 8.893707990646362305e-01 9.751920700073242188e-01 3.176935715600848198e-03 8.146907091140747070e-01 8.571106791496276855e-01 9.246287941932678223e-01
9.737967848777770996e-01 8.216726779937744141e-01 8.460844159126281738e-01 8.418687582015991211e-01 9.020811915397644043e-01 1.256980448961257935e-01 8.470091223716735840e-01 2.946384996175765991e-02 8.617928028106689453e-01
8.038084506988525391e-01 8.825928568840026855e-01 8.361070156097412109e-01 1.231934800744056702e-01 8.176380395889282227e-01 8.963634371757507324e-01 9.978969097137451172e-01 3.991357609629631042e-02 8.115416169166564941e-01
8.549689054489135742e-01 8.515661582350730896e-03 8.703831434249877930e-01 7.287507504224777222e-02 9.594177603721618652e-01 8.747371435165405273e-01 9.917986989021301270e-01 8.487191200256347656e-01 9.977254867553710938e-01
9.865188002586364746e-01 1.484292149543762207e-01 8.059374690055847168e-01 8.161994814872741699e-01 8.629118800163269043e-01 1.483447104692459106e-01 8.894399404525756836e-01 9.226208329200744629e-01 8.084604144096374512e-01
8.656742572784423828e-01 9.270920753479003906e-01 9.831454753875732422e-01 9.548068642616271973e-01 9.121384620666503906e-01 1.853493154048919678e-01 9.570847749710083008e-01 6.267914175987243652e-02 8.770972490310668945e-01
9.748016595840454102e-01 8.744775056838989258e-01 8.236733078956604004e-01 9.898877888917922974e-02 8.401404023170471191e-01 8.796363472938537598e-01 9.316011667251586914e-01 1.964544802904129028e-01 9.667289853096008301e-01
8.648564219474792480e-01 3.912169486284255981e-02 8.952984213829040527e-01 9.779095649719238281e-02 9.268535971641540527e-01 9.079436659812927246e-01 9.122483730316162109e-01 8.272792696952819824e-01 9.127542972564697266e-01
9.248501658439636230e-01 1.164905130863189697e-01 9.172338843345642090e-01 9.637578725814819336e-01 8.075993061065673828e-01 1.298429369926452637e-01 8.529887199401855469e-01 8.003594279289245605e-01 8.438996672630310059e-01
9.382931590080261230e-01 9.394451379776000977e-01 8.429177403450012207e-01 8.419733047485351562e-01 8.447386622428894043e-01 5.696858838200569153e-02 9.595230817794799805e-01 1.906311213970184326e-01 9.017212986946105957e-01
9.958664774894714355e-01 8.678256869316101074e-01 8.187768459320068359e-01 1.564453542232513428e-01 9.410473704338073730e-01 8.900765180587768555e-01 9.690788984298706055e-01 1.155237294733524323e-02 8.435835838317871094e-01
8.266432881355285645e-01 4.103077203035354614e-02 8.790720701217651367e-01 1.166073307394981384e-01 9.756684303283691406e-01 9.042481184005737305e-01 9.698238968849182129e-01 9.758540391921997070e-01 8.990520834922790527e-01
9.483160376548767090e-01 7.432214915752410889e-02 9.538909792900085449e-01 9.116339087486267090e-01 9.623160362243652344e-01 1.883580684661865234e-01 9.573603868484497070e-01 8.095057606697082520e-01 9.665503501892089844e-01
