1.056386351585388184e+00 -1.654199004173278809e+00 -1.438334107398986816e+00 -6.310729980468750000e-01
1.116349577903747559e+00 5.003206729888916016e+00 1.566195368766784668e+00 -7.415438652038574219e+00
8.947070837020874023e-01 -1.050598025321960449e+00 2.501004457473754883e+00 -2.303001880645751953e+00
8.310424089431762695e-01 -6.866975307464599609e+00 3.453574180603027344e-01 3.453433036804199219e+00
1.066622495651245117e+00 -6.627900004386901855e-01 -1.229865312576293945e+00 -1.538775563240051270e+00
1.104066252708435059e+00 4.789631843566894531e+00 1.524748444557189941e+00 -7.185965061187744141e+00
8.564366102218627930e-01 -1.460436105728149414e+00 3.141646623611450195e+00 -2.134016513824462891e+00
8.159990310668945312e-01 -7.175635814666748047e+00 2.006685882806777954e-01 3.813575506210327148e+00
1.052108049392700195e+00 -1.700917959213256836e+00 -1.686276793479919434e+00 -4.680972695350646973e-01
1.110277056694030762e+00 4.524517059326171875e+00 1.209018826484680176e+00 -6.858095169067382812e+00
8.744328022003173828e-01 -1.362785220146179199e+00 2.898442029953002930e+00 -2.164906501770019531e+00
8.021636009216308594e-01 -7.524391174316406250e+00 1.387671679258346558e-01 4.163791179656982422e+00
1.012419581413269043e+00 -1.628381967544555664e+00 -1.100069284439086914e+00 -6.482983231544494629e-01
1.091762661933898926e+00 4.712953090667724609e+00 1.677886486053466797e+00 -7.151169776916503906e+00
8.529556989669799805e-01 -9.834573864936828613e-01 3.204214334487915039e+00 -2.524199724197387695e+00
8.731702566146850586e-01 -7.255698680877685547e+00 -5.941288173198699951e-02 3.791806936264038086e+00
1.115203857421875000e+00 -5.146780610084533691e-01 -1.342746376991271973e+00 -1.775431632995605469e+00
1.035185933113098145e+00 4.467614173889160156e+00 1.403416872024536133e+00 -6.636260509490966797e+00
8.424687981605529785e-01 -2.081458806991577148e+00 2.566414117813110352e+00 -1.339326620101928711e+00
8.271599411964416504e-01 -7.607494831085205078e+00 3.904835581779479980e-01 4.028069496154785156e+00
1.016451597213745117e+00 -1.377125024795532227e+00 -1.212859511375427246e+00 -8.090943098068237305e-01
1.083256006240844727e+00 4.245465278625488281e+00 1.131275057792663574e+00 -6.509053707122802734e+00
8.418086767196655273e-01 -1.196712255477905273e+00 3.209175586700439453e+00 -2.319799661636352539e+00
8.458769321441650391e-01 -7.005118370056152344e+00 1.279570162296295166e-02 3.658834934234619141e+00
1.061651706695556641e+00 -1.283632159233093262e+00 -1.115669369697570801e+00 -1.085227966308593750e+00
1.074820995330810547e+00 4.366147041320800781e+00 1.536263704299926758e+00 -6.755778789520263672e+00
8.588290214538574219e-01 -1.635785698890686035e+00 2.728967905044555664e+00 -1.819658756256103516e+00
7.832283973693847656e-01 -7.337732791900634766e+00 1.659056395292282104e-01 4.071783065795898438e+00
1.027250289916992188e+00 -1.228637218475341797e+00 -1.252009153366088867e+00 -9.460948705673217773e-01
1.097688317298889160e+00 4.958518028259277344e+00 1.101144433021545410e+00 -7.106005668640136719e+00
8.093062639236450195e-01 -1.414461970329284668e+00 2.932949542999267578e+00 -1.910521030426025391e+00
8.270248174667358398e-01 -6.787152290344238281e+00 2.441999167203903198e-01 3.450313806533813477e+00
1.115996479988098145e+00 -7.723607420921325684e-01 -1.380881786346435547e+00 -1.558864593505859375e+00
1.061628818511962891e+00 3.986952781677246094e+00 1.489834427833557129e+00 -6.390879631042480469e+00
8.381158709526062012e-01 -1.258105874061584473e+00 2.816895484924316406e+00 -2.082608461380004883e+00
8.661466240882873535e-01 -6.803699970245361328e+00 -2.054719328880310059e-01 3.527307987213134766e+00
1.040651679039001465e+00 -1.345903635025024414e+00 -1.179147124290466309e+00 -9.339321851730346680e-01
1.091956138610839844e+00 4.294036865234375000e+00 1.029290795326232910e+00 -6.532052516937255859e+00
8.313695192337036133e-01 -1.867502331733703613e+00 2.984489917755126953e+00 -1.655750989913940430e+00
8.528228998184204102e-01 -6.714497089385986328e+00 1.724039763212203979e-01 3.334667205810546875e+00
